"",epoch,loss,ppl,wps,ups,wpb,bsz,num_updates,lr,gnorm,clip,oom,loss_scale,wall,train_wall,ke_loss,mlm_loss
0,11,5.597,48.39,8780,0,1346585.8,4657.8,10,6.000000e-07,15.018,0.0,0.0,2.0,1534,68461,1.468390,4.12822
1,12,5.507,45.47,8622,0,1346585.8,4657.8,20,1.200000e-06,11.584,0.0,0.0,2.0,3139,69968,1.388730,4.11817
2,13,5.334,40.33,8601,0,1346585.8,4657.8,30,1.800000e-06,4.852,0.0,0.0,2.0,4749,71478,1.246150,4.08778
3,14,5.221,37.31,8689,0,1346585.8,4657.8,40,2.400000e-06,3.106,0.0,0.0,2.0,6345,72973,1.176610,4.04481
4,15,5.107,34.45,8631,0,1346585.8,4657.8,50,3.000000e-06,2.471,0.0,0.0,2.0,7948,74475,1.112110,3.99448
5,16,5.004,32.10,8688,0,1346585.8,4657.8,60,3.600000e-06,1.833,0.0,0.0,2.0,9548,75970,1.062040,3.94226
6,17,4.905,29.95,8589,0,1346585.8,4657.8,70,4.200000e-06,1.636,0.0,0.0,2.0,11156,77475,1.018990,3.88565
7,18,4.806,27.97,8630,0,1346585.8,4657.8,80,4.800000e-06,1.444,0.0,0.0,2.0,12772,78981,0.980012,3.82587
8,19,4.705,26.09,8685,0,1346585.8,4657.8,90,5.400000e-06,1.469,0.0,0.0,2.0,14374,80479,0.943858,3.76144
9,20,4.605,24.34,9563,0,1346585.8,4657.8,100,6.000000e-06,1.262,0.0,0.0,2.0,15826,81836,0.911925,3.69310
10,21,4.505,22.70,8947,0,1346585.8,4657.8,110,6.600000e-06,1.203,0.0,0.0,2.0,17368,83279,0.883649,3.62089
11,22,4.404,21.17,8690,0,1346585.8,4657.8,120,7.200000e-06,1.149,0.0,0.0,2.0,18968,84778,0.859663,3.54426
12,23,4.299,19.69,8613,0,1346585.8,4657.8,130,7.800000e-06,1.107,0.0,0.0,4.0,20577,86286,0.839336,3.45973
13,24,4.194,18.31,8577,0,1346585.8,4657.8,140,8.400000e-06,1.045,0.0,0.0,4.0,22192,87799,0.823200,3.37121
14,25,4.083,16.94,8601,0,1346585.8,4657.8,150,9.000000e-06,1.043,0.0,0.0,4.0,23807,89309,0.805859,3.27669
15,26,3.971,15.68,8624,0,1346585.8,4657.8,160,9.600000e-06,1.023,0.0,0.0,4.0,25417,90816,0.792154,3.17839
16,27,3.857,14.49,8626,0,1346585.8,4657.8,170,1.020000e-05,0.989,0.0,0.0,4.0,27020,92318,0.780205,3.07723
17,28,3.738,13.34,8591,0,1346585.8,4657.8,180,1.080000e-05,0.995,0.0,0.0,4.0,28639,93829,0.769062,2.96867
18,29,3.615,12.26,8602,0,1346585.8,4657.8,190,1.140000e-05,1.030,0.0,0.0,4.0,30252,95337,0.757745,2.85762
19,30,3.489,11.23,8579,0,1346585.8,4657.8,200,1.200000e-05,1.021,0.0,0.0,4.0,31869,96851,0.746512,2.74226
20,31,3.361,10.27,8601,0,1346585.8,4657.8,210,1.260000e-05,0.994,0.0,0.0,4.0,33478,98361,0.735290,2.62529
21,32,3.227,9.36,8654,0,1346585.8,4657.8,220,1.320000e-05,0.977,0.0,0.0,4.0,35080,99860,0.723273,2.50333
22,33,3.093,8.53,8600,0,1346585.8,4657.8,230,1.380000e-05,0.986,0.0,0.0,4.0,36688,101370,0.713973,2.37925
23,34,2.957,7.77,8610,0,1346585.8,4657.8,240,1.440000e-05,1.041,0.0,0.0,4.0,38294,102879,0.704745,2.25231
24,35,2.819,7.06,8600,0,1346585.8,4657.8,250,1.500000e-05,1.040,0.0,0.0,4.0,39902,104390,0.695489,2.12321
25,36,2.676,6.39,8666,0,1346585.8,4657.8,260,0.000016,1.224,0.0,0.0,8.0,41501,105891,0.684642,1.991530
26,37,2.538,5.81,8741,0,1346585.8,4657.8,270,0.000016,1.110,0.0,0.0,8.0,43087,107381,0.675898,1.862060
27,38,2.399,5.27,8684,0,1346585.8,4657.8,280,0.000017,1.133,0.0,0.0,8.0,44684,108879,0.666573,1.732200
28,39,2.262,4.80,8741,0,1346585.8,4657.8,290,0.000017,1.083,0.0,0.0,8.0,46270,110368,0.657815,1.604570
29,40,2.126,4.37,8791,0,1346585.8,4657.8,300,0.000018,1.057,0.0,0.0,8.0,47849,111845,0.648048,1.478120
30,41,1.994,3.98,8766,0,1346585.8,4657.8,310,0.000019,1.160,0.0,0.0,8.0,49427,113325,0.640732,1.353380
31,42,1.865,3.64,8716,0,1346585.8,4657.8,320,0.000019,1.209,0.0,0.0,8.0,51102,114817,0.632407,1.232320
32,43,1.740,3.34,8616,0,1346585.8,4657.8,330,0.000020,1.182,0.0,0.0,8.0,52707,116324,0.623039,1.116470
33,44,1.622,3.08,8625,0,1346585.8,4657.8,340,0.000020,1.143,0.0,0.0,8.0,54313,117829,0.615973,1.005920
34,45,1.507,2.84,8747,0,1346585.8,4657.8,350,0.000021,1.194,0.0,0.0,8.0,55898,119316,0.606205,0.901032
35,46,1.400,2.64,8599,0,1346585.8,4657.8,360,0.000022,1.114,0.0,0.0,8.0,57510,120832,0.597186,0.802416
36,47,1.302,2.47,8616,0,1346585.8,4657.8,370,0.000022,1.145,0.0,0.0,8.0,59120,122341,0.590123,0.712354
37,48,1.210,2.31,8548,0,1346585.8,4657.8,380,0.000023,1.135,0.0,0.0,8.0,60738,123864,0.582353,0.627881
38,49,1.126,2.18,8573,0,1346585.8,4657.8,390,0.000023,1.156,0.0,0.0,16.0,62349,125374,0.573642,0.552763
39,50,1.049,2.07,8243,0,1346585.8,4657.8,400,0.000024,1.162,0.0,0.0,16.0,64018,126944,0.564092,0.484489
40,51,0.980,1.97,8085,0,1346585.8,4657.8,410,0.000025,1.054,0.0,0.0,16.0,65730,128557,0.556193,0.424303
41,52,0.917,1.89,8034,0,1346585.8,4657.8,420,0.000025,1.056,0.0,0.0,16.0,67453,130176,0.547074,0.370044
42,53,0.863,1.82,8163,0,1346585.8,4657.8,430,0.000026,1.266,0.0,0.0,16.0,69153,131774,0.540017,0.323205
43,54,0.813,1.76,8099,0,1346585.8,4657.8,440,0.000026,1.214,0.0,0.0,16.0,70863,133382,0.530889,0.281658
44,55,0.770,1.70,7978,0,1346585.8,4657.8,450,0.000027,1.256,0.0,0.0,16.0,72600,135015,0.523763,0.245833
45,56,0.729,1.66,7670,0,1346585.8,4657.8,460,0.000028,1.121,0.0,0.0,16.0,74416,136723,0.514546,0.214319
46,57,0.691,1.61,8329,0,1346585.8,4657.8,470,0.000028,1.148,0.0,0.0,16.0,76082,138289,0.504750,0.186626
47,58,0.661,1.58,8755,0,1346585.8,4657.8,480,0.000029,1.116,0.0,0.0,16.0,77673,139776,0.497333,0.163392
48,59,0.634,1.55,8988,0,1346585.8,4657.8,490,0.000029,1.227,0.0,0.0,16.0,79218,141222,0.490682,0.143195
49,60,0.607,1.52,9151,0,1346585.8,4657.8,500,0.000030,1.201,0.0,0.0,16.0,80743,142651,0.481956,0.125119
50,61,0.584,1.50,9354,0,1346585.8,4657.8,510,0.000031,1.134,0.0,0.0,16.0,82244,144057,0.474171,0.109661
51,62,0.565,1.48,9426,0,1346585.8,4657.8,520,0.000031,1.610,0.0,0.0,32.0,83705,145431,0.468821,0.096627
52,63,0.543,1.46,8922,0,1346585.8,4657.8,530,0.000032,1.347,0.0,0.0,32.0,85259,146884,0.458181,0.085068
53,64,0.527,1.44,9532,0,1346585.8,4657.8,540,0.000032,1.271,0.0,0.0,32.0,86727,148251,0.452220,0.074913
54,65,0.510,1.42,8760,0,1346585.8,4657.8,550,0.000033,1.176,0.0,0.0,32.0,88307,149732,0.442875,0.066796
55,66,0.495,1.41,9176,0,1346585.8,4657.8,560,0.000034,1.141,0.0,0.0,32.0,89810,151145,0.434836,0.059971
56,67,0.483,1.40,9054,0,1346585.8,4657.8,570,0.000034,1.360,0.0,0.0,32.0,91340,152580,0.429253,0.054053
57,68,0.471,1.39,9805,0,1346585.8,4657.8,580,0.000035,1.440,0.0,0.0,32.0,92750,153899,0.422465,0.048685
58,69,0.460,1.38,9857,0,1346585.8,4657.8,590,0.000035,1.200,0.0,0.0,32.0,94151,155211,0.416052,0.044116
59,70,0.450,1.37,9608,0,1346585.8,4657.8,600,0.000036,1.485,0.0,0.0,32.0,95588,156553,0.410096,0.040067
60,71,0.438,1.35,9707,0,1346585.8,4657.8,610,0.000037,1.402,0.0,0.0,32.0,97003,157879,0.401609,0.036473
61,72,0.429,1.35,9711,0,1346585.8,4657.8,620,0.000037,1.263,0.0,0.0,32.0,98424,159208,0.395462,0.033201
62,73,0.420,1.34,9491,0,1346585.8,4657.8,630,0.000038,1.264,0.0,0.0,32.0,99876,160568,0.388982,0.030540
63,74,0.412,1.33,9868,0,1346585.8,4657.8,640,0.000038,1.410,0.0,0.0,64.0,101289,161882,0.383746,0.028453
64,75,0.405,1.32,10378,0,1346585.8,4657.8,650,0.000039,1.442,0.0,0.0,64.0,102629,163133,0.378741,0.025925
65,76,0.398,1.32,10257,0,1346585.8,4657.8,660,0.000040,1.649,0.0,0.0,64.0,103972,164390,0.373809,0.024016
66,77,0.392,1.31,10338,0,1346585.8,4657.8,670,0.000040,1.854,0.0,0.0,64.0,105311,165643,0.369689,0.022370
67,78,0.384,1.31,10167,0,1346585.8,4657.8,680,0.000041,1.507,0.0,0.0,64.0,106670,166916,0.363367,0.020831
68,79,0.376,1.30,10181,0,1346585.8,4657.8,690,0.000041,1.186,0.0,0.0,64.0,108024,168182,0.356313,0.019447
69,80,0.371,1.29,10121,0,1346585.8,4657.8,700,0.000042,1.285,0.0,0.0,64.0,109391,169458,0.352765,0.018138
70,81,0.365,1.29,10125,0,1346585.8,4657.8,710,0.000043,1.455,0.0,0.0,64.0,110756,170732,0.347876,0.017014
71,82,0.359,1.28,10171,0,1346585.8,4657.8,720,0.000043,1.284,0.0,0.0,64.0,112115,172005,0.342794,0.016211
72,83,0.354,1.28,10253,0,1346585.8,4657.8,730,0.000044,1.131,0.0,0.0,64.0,113463,173267,0.338693,0.015050
73,84,0.348,1.27,10106,0,1346585.8,4657.8,740,0.000044,1.222,0.0,0.0,64.0,114830,174545,0.333596,0.014245
74,85,0.343,1.27,10110,0,1346585.8,4657.8,750,0.000045,1.226,0.0,0.0,64.0,116194,175819,0.329505,0.013327
75,86,0.340,1.27,10133,0,1346585.8,4657.8,760,0.000046,1.392,0.0,0.0,64.0,117557,177094,0.327682,0.012575
76,87,0.336,1.26,10116,0,1346585.8,4657.8,770,0.000046,1.436,0.0,0.0,128.0,118922,178371,0.323688,0.011996
77,88,0.330,1.26,10247,0,1346585.8,4657.8,780,0.000047,1.245,0.0,0.0,128.0,120272,179635,0.318671,0.011329
78,89,0.326,1.25,10143,0,1346585.8,4657.8,790,0.000047,1.279,0.0,0.0,128.0,121635,180912,0.315256,0.010724
79,90,0.321,1.25,10092,0,1346585.8,4657.8,800,0.000048,1.204,0.0,0.0,128.0,123002,182191,0.311047,0.010179
80,91,0.317,1.25,10132,0,1346585.8,4657.8,810,0.000049,1.010,0.0,0.0,128.0,124361,183463,0.307456,0.009638
81,92,0.313,1.24,10126,0,1346585.8,4657.8,820,0.000049,1.032,0.0,0.0,128.0,125724,184736,0.303591,0.009175
82,93,0.311,1.24,10197,0,1346585.8,4657.8,830,0.000050,1.261,0.0,0.0,128.0,127077,186000,0.301708,0.008880
83,94,0.306,1.24,10740,0,1346585.8,4657.8,840,0.000050,1.204,0.0,0.0,128.0,128372,187198,0.297589,0.008404
84,95,0.305,1.24,10807,0,1346585.8,4657.8,850,0.000051,1.425,0.0,0.0,128.0,129647,188390,0.296760,0.007923
85,96,0.299,1.23,10920,0,1346585.8,4657.8,860,0.000052,1.203,0.0,0.0,128.0,130919,189573,0.291477,0.007630
86,97,0.297,1.23,10825,0,1346585.8,4657.8,870,0.000052,1.110,0.0,0.0,128.0,132200,190765,0.289677,0.007292
87,98,0.294,1.23,10876,0,1346585.8,4657.8,880,0.000053,1.139,0.0,0.0,128.0,133474,191953,0.287415,0.007066
88,99,0.291,1.22,10322,0,1346585.8,4657.8,890,0.000053,1.038,0.0,0.0,128.0,134810,193195,0.284471,0.006719
89,100,0.289,1.22,10339,0,1346585.8,4657.8,900,0.000054,1.165,0.0,0.0,256.0,136147,194443,0.282884,0.006411
90,101,0.286,1.22,10396,0,1346585.8,4657.8,910,0.000055,1.053,0.0,0.0,256.0,137475,195684,0.279338,0.006181
91,102,0.283,1.22,9163,0,1346585.8,4657.8,920,0.000055,1.043,0.0,0.0,256.0,138963,197080,0.276674,0.005961
92,103,0.280,1.21,7543,0,1346585.8,4657.8,930,0.000056,1.038,0.0,0.0,256.0,142926,198815,0.274221,0.005665
93,104,0.278,1.21,7587,0,1346585.8,4657.8,940,0.000056,0.922,0.0,0.0,256.0,144754,200539,0.272559,0.005388
94,105,0.276,1.21,7536,0,1346585.8,4657.8,950,0.000057,1.117,0.0,0.0,256.0,146595,202270,0.271130,0.005262
95,106,0.275,1.21,7879,0,1346585.8,4657.8,960,0.000058,1.345,0.0,0.0,256.0,148367,203931,0.270303,0.005181
96,107,0.273,1.21,7522,0,1346585.8,4657.8,970,0.000058,1.321,0.0,0.0,256.0,150217,205666,0.268261,0.004997
97,108,0.269,1.20,7395,0,1346585.8,4657.8,980,0.000059,0.962,0.0,0.0,256.0,152093,207432,0.264161,0.004793
98,109,0.267,1.20,7441,0,1346585.8,4657.8,990,0.000059,0.962,0.0,0.0,256.0,153961,209189,0.262368,0.004547
99,110,0.264,1.20,7453,0,1346585.8,4657.8,1000,0.000060,0.944,0.0,0.0,256.0,155829,210948,0.259654,0.004505
100,111,0.264,1.20,7715,0,1346585.800,4657.800,1010,0.000061,1.098,0.0,0.0,256.0,157636,212646,0.259437,0.004331
101,112,0.263,1.20,7426,0,1346585.800,4657.800,1020,0.000061,1.287,0.0,0.0,256.0,159485,214399,0.258660,0.004157
102,113,0.260,1.20,7464,0,1346585.800,4657.800,1030,0.000062,1.062,0.0,0.0,512.0,161343,216149,0.255582,0.004071
103,114,0.257,1.20,6603,0,1346084.778,4652.667,1039,0.000062,0.885,0.0,0.0,256.0,163212,217907,0.253216,0.003930
104,115,0.256,1.19,7465,0,1346585.800,4657.800,1049,0.000063,1.032,0.0,0.0,256.0,165072,219655,0.251818,0.003864
105,116,0.254,1.19,7366,0,1346585.800,4657.800,1059,0.000064,0.875,0.0,0.0,256.0,166960,221425,0.249854,0.003726
106,117,0.254,1.19,7752,0,1346585.800,4657.800,1069,0.000064,1.150,0.0,0.0,256.0,168757,223116,0.250228,0.003591
107,118,0.252,1.19,7443,0,1346585.800,4657.800,1079,0.000065,1.001,0.0,0.0,256.0,170623,224870,0.248212,0.003549
108,119,0.249,1.19,7431,0,1346585.800,4657.800,1089,0.000065,0.976,0.0,0.0,256.0,172488,226627,0.246027,0.003450
109,120,0.249,1.19,7389,0,1346585.800,4657.800,1099,0.000066,1.095,0.0,0.0,256.0,174361,228390,0.246054,0.003376
110,121,0.247,1.19,6585,0,1345772.667,4652.667,1108,0.000066,1.096,0.0,0.0,128.0,176226,230147,0.243810,0.003191
111,122,0.245,1.19,7504,0,1346585.800,4657.800,1118,0.000067,0.862,0.0,0.0,128.0,178073,231887,0.241731,0.003173
112,123,0.244,1.18,7504,0,1346585.800,4657.800,1128,0.000068,0.874,0.0,0.0,128.0,179871,233591,0.240414,0.003110
113,124,0.241,1.18,7393,0,1346585.800,4657.800,1138,0.000068,0.720,0.0,0.0,128.0,181755,235359,0.238292,0.003000
114,125,0.239,1.18,7440,0,1346585.800,4657.800,1148,0.000069,0.742,0.0,0.0,128.0,183617,237116,0.236123,0.002936
115,126,0.240,1.18,7422,0,1346585.800,4657.800,1158,0.000069,0.877,0.0,0.0,128.0,185485,238878,0.237354,0.002891
116,127,0.240,1.18,7423,0,1346585.800,4657.800,1168,0.000070,1.067,0.0,0.0,128.0,187353,240638,0.237486,0.002909
117,128,0.237,1.18,7652,0,1346585.800,4657.800,1178,0.000071,0.887,0.0,0.0,128.0,189168,242348,0.234584,0.002779
118,129,0.235,1.18,7419,0,1346585.800,4657.800,1188,0.000071,0.752,0.0,0.0,128.0,191033,244105,0.232517,0.002642
119,130,0.234,1.18,7420,0,1346585.800,4657.800,1198,0.000072,0.823,0.0,0.0,128.0,192897,245862,0.231069,0.002574
120,131,0.234,1.18,7422,0,1346585.800,4657.800,1208,0.000072,0.866,0.0,0.0,128.0,194760,247618,0.231416,0.002578
121,132,0.232,1.17,7455,0,1346585.800,4657.800,1218,0.000073,0.808,0.0,0.0,128.0,196619,249371,0.229244,0.002437
122,133,0.233,1.17,7443,0,1346585.800,4657.800,1228,0.000074,0.829,0.0,0.0,128.0,198482,251125,0.229738,0.002921
123,134,0.231,1.17,7669,0,1346585.800,4657.800,1238,0.000074,0.845,0.0,0.0,256.0,200273,252808,0.228444,0.002737
124,135,0.229,1.17,7451,0,1346585.800,4657.800,1248,0.000075,0.769,0.0,0.0,256.0,202136,254563,0.226685,0.002448
125,136,0.227,1.17,7452,0,1346585.8,4657.8,1258,0.000075,0.604,0.0,0.0,256.0,203994,256315,0.224176,0.002363
126,137,0.227,1.17,7423,0,1346585.8,4657.8,1268,0.000076,0.911,0.0,0.0,256.0,205861,258072,0.224641,0.002220
127,138,0.225,1.17,7403,0,1346585.8,4657.8,1278,0.000077,0.690,0.0,0.0,256.0,207732,259833,0.222946,0.002302
128,139,0.224,1.17,7753,0,1346585.8,4657.8,1288,0.000077,0.583,0.0,0.0,256.0,209529,261523,0.221446,0.002158
129,140,0.223,1.17,7445,0,1346585.8,4657.8,1298,0.000078,0.679,0.0,0.0,256.0,211389,263275,0.220999,0.002087
130,141,0.223,1.17,7447,0,1346585.8,4657.8,1308,0.000078,0.749,0.0,0.0,256.0,213248,265027,0.221191,0.002015
131,142,0.221,1.17,7382,0,1346585.8,4657.8,1318,0.000079,0.609,0.0,0.0,256.0,215119,266791,0.219519,0.001978
132,143,0.221,1.17,7434,0,1346585.8,4657.8,1328,0.000080,0.774,0.0,0.0,256.0,216981,268546,0.218841,0.001952
133,144,0.219,1.16,7440,0,1346585.8,4657.8,1338,0.000080,0.617,0.0,0.0,256.0,218842,270300,0.217274,0.001845
134,145,0.218,1.16,7748,0,1346585.8,4657.8,1348,0.000081,0.581,0.0,0.0,256.0,220639,271991,0.216252,0.001931
135,146,0.218,1.16,7393,0,1346585.8,4657.8,1358,0.000081,0.794,0.0,0.0,256.0,222515,273760,0.216630,0.001865
136,147,0.217,1.16,7389,0,1346585.8,4657.8,1368,0.000082,0.627,0.0,0.0,512.0,224391,275529,0.215097,0.001816
137,148,0.216,1.16,7417,0,1346585.8,4657.8,1378,0.000083,0.620,0.0,0.0,512.0,226258,277290,0.214280,0.001700
138,149,0.214,1.16,7467,0,1346585.8,4657.8,1388,0.000083,0.545,0.0,0.0,512.0,228119,279043,0.212577,0.001757
139,150,0.214,1.16,7767,0,1346585.8,4657.8,1398,0.000084,0.606,0.0,0.0,512.0,229913,280733,0.211845,0.001686
140,151,0.213,1.16,7353,0,1346585.8,4657.8,1408,0.000084,0.596,0.0,0.0,512.0,231794,282504,0.210927,0.001694
141,152,0.212,1.16,7439,0,1346585.8,4657.8,1418,0.000085,0.490,0.0,0.0,512.0,233657,284262,0.209856,0.001648
142,153,0.211,1.16,7444,0,1346585.8,4657.8,1428,0.000086,0.624,0.0,0.0,512.0,235522,286014,0.209376,0.001632
143,154,0.212,1.16,7414,0,1346585.8,4657.8,1438,0.000086,0.796,0.0,0.0,512.0,237393,287778,0.210059,0.001651
144,155,0.211,1.16,7359,0,1346585.8,4657.8,1448,0.000087,0.805,0.0,0.0,512.0,239278,289552,0.209706,0.001570
145,156,0.209,1.16,7710,0,1346585.8,4657.8,1458,0.000087,0.634,0.0,0.0,512.0,241086,291249,0.207843,0.001494
146,157,0.209,1.16,7442,0,1346585.8,4657.8,1468,0.000088,0.687,0.0,0.0,512.0,242951,293008,0.207061,0.001468
147,158,0.207,1.15,7412,0,1346585.8,4657.8,1478,0.000089,0.545,0.0,0.0,512.0,244821,294771,0.205616,0.001503
148,159,0.206,1.15,7358,0,1346585.8,4657.8,1488,0.000089,0.622,0.0,0.0,1024.0,246702,296540,0.204681,0.001482
149,160,0.205,1.15,7393,0,1346585.8,4657.8,1498,0.000090,0.589,0.0,0.0,1024.0,248574,298305,0.203646,0.001430
150,161,0.204,1.15,7748,0,1346585.800,4657.800,1508,0.000090,0.526,0.0,0.0,1024.0,250369,299993,0.202774,0.001387
151,162,0.204,1.15,7433,0,1346585.800,4657.800,1518,0.000091,0.490,0.0,0.0,1024.0,252228,301747,0.202404,0.001393
152,163,0.202,1.15,7459,0,1346585.800,4657.800,1528,0.000092,0.485,0.0,0.0,1024.0,254084,303495,0.200918,0.001410
153,164,0.202,1.15,7391,0,1346585.800,4657.800,1538,0.000092,0.503,0.0,0.0,1024.0,255957,305260,0.200311,0.001366
154,165,0.201,1.15,7429,0,1346585.800,4657.800,1548,0.000093,0.456,0.0,0.0,1024.0,257822,307016,0.199895,0.001343
155,166,0.201,1.15,7382,0,1346585.800,4657.800,1558,0.000093,0.472,0.0,0.0,1024.0,259697,308782,0.199485,0.001255
156,167,0.201,1.15,7699,0,1346585.800,4657.800,1568,0.000094,0.603,0.0,0.0,1024.0,261506,310482,0.199671,0.001298
157,168,0.200,1.15,7400,0,1346585.800,4657.800,1578,0.000095,0.548,0.0,0.0,1024.0,263378,312245,0.199055,0.001311
158,169,0.200,1.15,6567,0,1344234.667,4652.667,1587,0.000095,0.608,0.0,0.0,512.0,265251,314013,0.198552,0.001247
